Gás",CFrame.new(-469.959015,3.25349784,-54.3936005))aW("Teleport HP",CFrame.new(-543.439941,3.26299858,645.16864))aW("Teleport Tabacaria",CFrame.new(-83.1141129,13.1430578,74.7073364))aW("Teleport Garagem",CFrame.new(-466.870148,7.64567232,350.242737))aW("Teleport Concessionaria",CFrame.new(-91.3902893,8.07136822,520.355347))aW("Teleport Gari",CFrame.new(-518.672852,3.16749811,-1.16962147,0,0,-1,0,1,0,1,0,0))aW("Teleport Imobiliaria",CFrame.new(-284.904785,8.26088619,-72.2896194,0,0,-1,0,1,0,1,0,0))aW("Teleport PM",CFrame.new(-980.181458,2.27553082,467.080536,1,0,0,0,1,0,0,0,1))aW("Teleport PRF",CFrame.new(6662.24512,36.6637421,5047.83838,0.707134247,0,0.707079291,0,1,0,-0.707079291,0,0.707134247))aW("Teleport Mineração",CFrame.new(201.932144,2.76136589,145.50531,0,0,1,0,1,-0,-1,0,0))aW("Teleport Mecânica",CFrame.new(-180.608261,3.29813337,-532.4151,0.422592998,-0,-0.906319618,0,1,-0,0.906319618,0,0.422592998))aW("Teleport Fazenda",CFrame.new(817.243225,3.26249814,-87.316864,0,0,1,0,1,0,-1,0,0))aW("Teleport Prefeitura",CFrame.new(-284.388458,15.1148872,88.0397873,0,0,-1,0,1,0,1,0,0))aW("Teleport Banco",CFrame.new(-27.2709007,11.5685892,418.200653,1,0,0,0,1,0,0,0,1))aW("Teleport Ilegal",CFrame.new(12037.2705,27.5305443,12794.0635,0.965929627,-0,-0.258804798,0,1,-0,0.258804798,0,0.965929627))aW("Teleport predio 1",CFrame.new(-1595.23328,204.074341,555.895386,0.939687431,-0.34203434,1.81794167e-06,1.81794167e-06,1.02519989e-05,1,-0.34203434,-0.93968749,1.02519989e-05))aW("Teleport Devs Mini City",CFrame.new(2555.44263,303.167755,-1004.13763,-0.422592998,0,0.906319618,0,1,0,-0.906319618,0,-0.422592998))c:CreateToggle({Name="Aimbot & FoV (Pc & Mob)",CurrentValue=false,Callback=function(T)if T then local aZ,a_=pcall(function()loadstring(game:HttpGet("https://gist.githubusercontent.com/Aimboter477387/582af6aec49782899d5d375ab239039e/raw/51b6ddf5dc74731a24f912134061f150b6f6b316/gistfile1.txt"))()end)if aZ then print("Aimbot & FoV ativado")else print("Erro ao ativar Aimbot & FoV: "..tostring(a_))a:Notify({Title="Erro",Content="Falha ao carregar Aimbot & FoV: "..tostring(a_),Duration=5,Type="error"})end else print("Aimbot & FoV desativado")end end})
